1000	0.006	0.006	0	0.01	0.002
2000	0.023	0.023	0.002	0.044	0.008
3000	0.052	0.051	0.006	0.097	0.018
4000	0.095	0.099	0.01	0.171	0.034
5000	0.147	0.147	0.016	0.28	0.055
6000	0.21	0.223	0.024	0.391	0.088
8000	0.378	0.368	0.04	0.71	0.149
10000	0.607	0.6	0.067	1.087	0.236
12000	0.885	0.871	0.096	1.547	0.353
15000	1.432	1.359	0.151	2.416	0.569

1000	0	0	0	0	0
2000	0	0	0	0	0
3000	0.001	0.001	0.001	0.001	0.001
4000	0.001	0.001	0.002	0.001	0.001
5000	0.002	0.002	0.001	0.001	0.001
7000	0.003	0.003	0.002	0.002	0.002
8000	0.003	0.003	0.002	0.002	0.003
10000	0.004	0.004	0.003	0.003	0.003
15000	0.007	0.006	0.005	0.005	0.006
20000	0.009	0.008	0.007	0.007	0.007
30000	0.014	0.013	0.011	0.011	0.012
40000	0.017	0.017	0.014	0.015	0.016
50000	0.023	0.023	0.019	0.019	0.021

1000	0	0	0	0	0
3000	0.002	0.002	0.002	0.002	0.003
4000	0.004	0.004	0.004	0.002	0.003
5000	0.004	0.004	0.003	0.004	0.005
7000	0.007	0.008	0.007	0.005	0.006
10000	0.009	0.012	0.009	0.01	0.013
15000	0.016	0.016	0.018	0.015	0.014
20000	0.024	0.023	0.018	0.019	0.022
30000	0.033	0.039	0.038	0.036	0.033
40000	0.046	0.05	0.038	0.038	0.046
50000	0.071	0.057	0.048	0.047	0.059
100000	0.142	0.131	0.098	0.094	0.128
1000000	1.666	1.484	1.31	1.148	1.295

500	0	0	0.001	0	0
1000	0	0	0.003	0.002	0
1200	0	0	0.005	0.004	0
1500	0	0	0.008	0.005	0
1700	0	0	0.011	0.007	0
2000	0	0	0.014	0.008	0
2200	0	0	0.018	0.011	0
2500	0	0	0.02	0.013	0
3000	0	0	0.031	0.022	0
3576	0	0	0.047	0.032	0

3700	0	0	0
5000	0.001	0.001	0.001
10000	0.002	0.002	0.001
20000	0.004	0.009	0.004
30000	0.007	0.016	0.007
40000	0.009	0.018	0.008
